1000 0.00266790390015 0.00378799438477
2000 0.0051851272583 0.00785684585571
3000 0.00754714012146 0.0121150016785
4000 0.0100479125977 0.0167708396912
5000 0.0125288963318 0.0223541259766
6000 0.0150091648102 0.0272738933563
7000 0.0176200866699 0.0327098369598
8000 0.019956111908 0.0386080741882
9000 0.0228290557861 0.0446619987488
10000 0.0256659984589 0.0504558086395
11000 0.0280930995941 0.0588881969452
12000 0.0305120944977 0.065272808075
13000 0.0327851772308 0.0720250606537
14000 0.0352830886841 0.0797500610352
15000 0.0374948978424 0.0884819030762
