1 9.53674316406e-07
2 9.53674316406e-07
3 0.0
4 9.53674316406e-07
5 9.53674316406e-07
6 0.0
7 9.53674316406e-07
8 1.19209289551e-06
9 9.53674316406e-07
10 9.53674316406e-07
11 1.19209289551e-06
12 9.53674316406e-07
13 9.53674316406e-07
14 9.53674316406e-07
15 9.53674316406e-07
16 9.53674316406e-07
17 9.53674316406e-07
18 9.53674316406e-07
19 9.53674316406e-07
20 9.53674316406e-07
21 9.53674316406e-07
22 9.53674316406e-07
23 1.19209289551e-06
24 9.53674316406e-07
25 9.53674316406e-07
26 9.53674316406e-07
27 9.53674316406e-07
28 0.0
29 9.53674316406e-07
30 9.53674316406e-07
31 0.0
32 0.0
33 9.53674316406e-07
34 9.53674316406e-07
35 9.53674316406e-07
36 9.53674316406e-07
37 9.53674316406e-07
38 9.53674316406e-07
39 9.53674316406e-07
40 9.53674316406e-07
41 0.0
42 1.19209289551e-06
43 9.53674316406e-07
44 9.53674316406e-07
45 1.19209289551e-06
46 9.53674316406e-07
47 9.53674316406e-07
48 9.53674316406e-07
49 9.53674316406e-07
50 9.53674316406e-07
51 1.19209289551e-06
52 1.19209289551e-06
53 9.53674316406e-07
54 0.0
55 1.19209289551e-06
56 1.19209289551e-06
57 0.0
58 9.53674316406e-07
59 9.53674316406e-07
60 9.53674316406e-07
61 0.0
62 9.53674316406e-07
63 9.53674316406e-07
64 0.0
65 9.53674316406e-07
66 9.53674316406e-07
67 9.53674316406e-07
68 9.53674316406e-07
69 9.53674316406e-07
70 9.53674316406e-07
71 0.0
72 9.53674316406e-07
73 9.53674316406e-07
74 0.0
75 1.19209289551e-06
76 9.53674316406e-07
77 9.53674316406e-07
78 9.53674316406e-07
79 0.0
80 9.53674316406e-07
81 9.53674316406e-07
82 9.53674316406e-07
83 0.0
84 9.53674316406e-07
85 0.0
86 0.0
87 9.53674316406e-07
88 9.53674316406e-07
89 9.53674316406e-07
90 0.0
91 9.53674316406e-07
92 0.0
93 0.0
94 9.53674316406e-07
95 0.0
96 9.53674316406e-07
97 9.53674316406e-07
98 9.53674316406e-07
99 9.53674316406e-07
100 0.0
