1 9.53674316406e-07
2 9.53674316406e-07
3 0.0
4 9.53674316406e-07
5 9.53674316406e-07
6 9.53674316406e-07
7 9.53674316406e-07
8 1.19209289551e-06
9 1.19209289551e-06
10 9.53674316406e-07
11 9.53674316406e-07
12 9.53674316406e-07
13 1.19209289551e-06
14 9.53674316406e-07
15 9.53674316406e-07
16 9.53674316406e-07
17 9.53674316406e-07
18 9.53674316406e-07
19 1.19209289551e-06
20 1.19209289551e-06
21 9.53674316406e-07
22 9.53674316406e-07
23 9.53674316406e-07
24 9.53674316406e-07
25 0.0
26 9.53674316406e-07
27 9.53674316406e-07
28 0.0
29 1.19209289551e-06
30 9.53674316406e-07
31 9.53674316406e-07
32 9.53674316406e-07
33 9.53674316406e-07
34 9.53674316406e-07
35 1.19209289551e-06
36 9.53674316406e-07
37 0.0
38 1.19209289551e-06
39 9.53674316406e-07
40 9.53674316406e-07
41 9.53674316406e-07
42 0.0
43 9.53674316406e-07
44 9.53674316406e-07
45 9.53674316406e-07
46 9.53674316406e-07
47 9.53674316406e-07
48 9.53674316406e-07
49 0.0
50 1.19209289551e-06
51 1.19209289551e-06
52 9.53674316406e-07
53 1.19209289551e-06
54 9.53674316406e-07
55 1.19209289551e-06
56 9.53674316406e-07
57 9.53674316406e-07
58 9.53674316406e-07
59 9.53674316406e-07
60 0.0
61 9.53674316406e-07
62 9.53674316406e-07
63 9.53674316406e-07
64 9.53674316406e-07
65 0.0
66 9.53674316406e-07
67 9.53674316406e-07
68 0.0
69 9.53674316406e-07
70 9.53674316406e-07
71 9.53674316406e-07
72 0.0
73 9.53674316406e-07
74 9.53674316406e-07
75 0.0
76 9.53674316406e-07
77 9.53674316406e-07
78 9.53674316406e-07
79 9.53674316406e-07
80 1.19209289551e-06
81 9.53674316406e-07
82 9.53674316406e-07
83 9.53674316406e-07
84 9.53674316406e-07
85 1.19209289551e-06
86 9.53674316406e-07
87 0.0
88 1.19209289551e-06
89 9.53674316406e-07
90 9.53674316406e-07
91 9.53674316406e-07
92 9.53674316406e-07
93 0.0
94 9.53674316406e-07
95 9.53674316406e-07
96 0.0
97 9.53674316406e-07
98 9.53674316406e-07
99 9.53674316406e-07
100 9.53674316406e-07
